{
 "cells": [
  {
   "cell_type": "markdown",
   "metadata": {},
   "source": [
    "# imports"
   ]
  },
  {
   "cell_type": "code",
   "execution_count": 2,
   "metadata": {},
   "outputs": [],
   "source": [
    "import numpy as np\n",
    "import pandas as pd\n",
    "import matplotlib.pyplot as plt\n",
    "import seaborn as sns\n",
    "\n",
    "import plotly.graph_objects as go\n",
    "import plotly.express as px\n"
   ]
  },
  {
   "cell_type": "markdown",
   "metadata": {},
   "source": [
    "# Function to calculate the CAPM"
   ]
  },
  {
   "cell_type": "code",
   "execution_count": 3,
   "metadata": {},
   "outputs": [],
   "source": [
    "def merge_dfs(dfs, df_names=None, join=\"inner\", columns=[\"Close\"]):\n",
    "    \"\"\"\n",
    "    Merges a list of dataframes into one. Uses the index as the key and `pd.concat` to merge the dataframes\n",
    "    Parameters\n",
    "    ----------\n",
    "    dfs : list\n",
    "        List of dataframes to merge\n",
    "    df_names : list, optional\n",
    "        Names of the dataframes, by default None Uses this to rename the columns of the merged dataframe\n",
    "    join : str, optional\n",
    "        How to join the dataframes, by default \"inner\"\n",
    "    columns : str, optional\n",
    "        Which columns to merge, by default \"Close\"\n",
    "    Returns\n",
    "    -------\n",
    "    pd.DataFrame\n",
    "        Merged dataframe\n",
    "    \"\"\"\n",
    "\n",
    "    \n",
    "    dfs = [df[columns] for df in dfs]\n",
    "    df = pd.concat(dfs, axis=1, join=join)\n",
    "    if df_names:\n",
    "        df.columns = df_names\n",
    "    else:\n",
    "        df.columns = [f\"df_{i}\" for i in range(len(dfs))]\n",
    "    return df"
   ]
  },
  {
   "cell_type": "code",
   "execution_count": 4,
   "metadata": {},
   "outputs": [],
   "source": [
    "def cal_beta(merged_dfs, benchmark=\"snp500\", freq=\"M\"):\n",
    "    \"\"\"\n",
    "    Calculates the beta of a list of dataframes\n",
    "    Parameters\n",
    "    ----------\n",
    "    merged_dfs : pd.DataFrame\n",
    "        Merged dataframe of the dataframes to calculate the beta of\n",
    "    benchmark : str, optional\n",
    "        Which column to use as the benchmark, by default \"snp500\"\n",
    "    Returns\n",
    "    -------\n",
    "    pd.DataFrame\n",
    "        Dataframe of the beta of each column\n",
    "    \"\"\"\n",
    "    merged_dfs = merged_dfs.asfreq(freq, method=\"ffill\").pct_change().dropna()\n",
    "    beta = pd.DataFrame()\n",
    "    for col in merged_dfs.columns:\n",
    "        if col != benchmark:\n",
    "            beta.loc[col, \"beta\"] = merged_dfs[col].corr( merged_dfs[benchmark]) * ( merged_dfs[col].std()/merged_dfs[benchmark].std() )# / np.var(merged_dfs[benchmark])\n",
    "    return beta"
   ]
  },
  {
   "cell_type": "code",
   "execution_count": 5,
   "metadata": {},
   "outputs": [],
   "source": [
    "def expected_return(risk_free_rate, beta, market_return):\n",
    "    \"\"\"\n",
    "    Calculate the expected return of a stock\n",
    "\n",
    "    Parameters\n",
    "    ----------\n",
    "    risk_free_rate : float\n",
    "        Risk free rate\n",
    "    beta : float\n",
    "        Beta of the stock in numpy array\n",
    "    market_return : float\n",
    "        Expected return of the market\n",
    "\n",
    "    Returns\n",
    "    -------\n",
    "    float\n",
    "        Expected return of the stock\n",
    "\n",
    "    \"\"\"\n",
    "    expected_return = risk_free_rate + np.multiply(beta, (market_return - risk_free_rate))\n",
    "\n",
    "    return expected_return"
   ]
  },
  {
   "cell_type": "markdown",
   "metadata": {},
   "source": [
    "# load data"
   ]
  },
  {
   "cell_type": "code",
   "execution_count": 6,
   "metadata": {},
   "outputs": [],
   "source": [
    "apple = pd.read_csv(\"data/AAPL.csv\", parse_dates=[\"Date\"], index_col=\"Date\")\n",
    "google = pd.read_csv(\"data/GOOGL.csv\", parse_dates=[\"Date\"], index_col=\"Date\")\n",
    "snp500 = pd.read_csv(\"data/GSPC.csv\", parse_dates=[\"Date\"], index_col=\"Date\")\n",
    "oil = pd.read_csv(\"data/oil.csv\", parse_dates=[\"Date\"], index_col=\"Date\")\n",
    "treasury = pd.read_csv(\"data/treasury.csv\", parse_dates=[\"Date\"], index_col=\"Date\")\n",
    "tcs = pd.read_csv(\"data/TCS.csv\", parse_dates=[\"Date\"], index_col=\"Date\")"
   ]
  },
  {
   "cell_type": "code",
   "execution_count": 7,
   "metadata": {},
   "outputs": [],
   "source": [
    "df_names=[\"apple\", \"google\",\"oil\",\"tcs\", \"snp500\"]"
   ]
  },
  {
   "cell_type": "code",
   "execution_count": 8,
   "metadata": {},
   "outputs": [
    {
     "data": {
      "text/html": [
       "<div>\n",
       "<style scoped>\n",
       "    .dataframe tbody tr th:only-of-type {\n",
       "        vertical-align: middle;\n",
       "    }\n",
       "\n",
       "    .dataframe tbody tr th {\n",
       "        vertical-align: top;\n",
       "    }\n",
       "\n",
       "    .dataframe thead th {\n",
       "        text-align: right;\n",
       "    }\n",
       "</style>\n",
       "<table border=\"1\" class=\"dataframe\">\n",
       "  <thead>\n",
       "    <tr style=\"text-align: right;\">\n",
       "      <th></th>\n",
       "      <th>apple</th>\n",
       "      <th>google</th>\n",
       "      <th>oil</th>\n",
       "      <th>tcs</th>\n",
       "      <th>snp500</th>\n",
       "    </tr>\n",
       "    <tr>\n",
       "      <th>Date</th>\n",
       "      <th></th>\n",
       "      <th></th>\n",
       "      <th></th>\n",
       "      <th></th>\n",
       "      <th></th>\n",
       "    </tr>\n",
       "  </thead>\n",
       "  <tbody>\n",
       "    <tr>\n",
       "      <th>2004-08-19</th>\n",
       "      <td>0.548393</td>\n",
       "      <td>2.511011</td>\n",
       "      <td>48.700001</td>\n",
       "      <td>75.640327</td>\n",
       "      <td>1091.229980</td>\n",
       "    </tr>\n",
       "    <tr>\n",
       "      <th>2004-08-20</th>\n",
       "      <td>0.550000</td>\n",
       "      <td>2.710460</td>\n",
       "      <td>47.860001</td>\n",
       "      <td>75.292648</td>\n",
       "      <td>1098.349976</td>\n",
       "    </tr>\n",
       "    <tr>\n",
       "      <th>2004-08-23</th>\n",
       "      <td>0.555000</td>\n",
       "      <td>2.737738</td>\n",
       "      <td>46.049999</td>\n",
       "      <td>78.522507</td>\n",
       "      <td>1095.680054</td>\n",
       "    </tr>\n",
       "    <tr>\n",
       "      <th>2004-08-24</th>\n",
       "      <td>0.570536</td>\n",
       "      <td>2.624374</td>\n",
       "      <td>45.209999</td>\n",
       "      <td>84.085503</td>\n",
       "      <td>1096.189941</td>\n",
       "    </tr>\n",
       "    <tr>\n",
       "      <th>2004-08-25</th>\n",
       "      <td>0.590179</td>\n",
       "      <td>2.652653</td>\n",
       "      <td>43.470001</td>\n",
       "      <td>90.352989</td>\n",
       "      <td>1104.959961</td>\n",
       "    </tr>\n",
       "  </tbody>\n",
       "</table>\n",
       "</div>"
      ],
      "text/plain": [
       "               apple    google        oil        tcs       snp500\n",
       "Date                                                             \n",
       "2004-08-19  0.548393  2.511011  48.700001  75.640327  1091.229980\n",
       "2004-08-20  0.550000  2.710460  47.860001  75.292648  1098.349976\n",
       "2004-08-23  0.555000  2.737738  46.049999  78.522507  1095.680054\n",
       "2004-08-24  0.570536  2.624374  45.209999  84.085503  1096.189941\n",
       "2004-08-25  0.590179  2.652653  43.470001  90.352989  1104.959961"
      ]
     },
     "execution_count": 8,
     "metadata": {},
     "output_type": "execute_result"
    }
   ],
   "source": [
    "merged_dfs = merge_dfs(dfs = [apple,google,oil,tcs,snp500], df_names=[\"apple\", \"google\",\"oil\",\"tcs\", \"snp500\"])\n",
    "merged_dfs.head()"
   ]
  },
  {
   "cell_type": "code",
   "execution_count": 9,
   "metadata": {},
   "outputs": [],
   "source": [
    "# treasury = treasury[pd.to_datetime(treasury.index)  >=\"2010-01-01\"]\n",
    "# merged_dfs = merged_dfs[pd.to_datetime(merged_dfs.index) >=\"2010-01-01\"]\n",
    "# merged_dfs.head()"
   ]
  },
  {
   "cell_type": "code",
   "execution_count": 10,
   "metadata": {},
   "outputs": [
    {
     "data": {
      "text/html": [
       "<div>\n",
       "<style scoped>\n",
       "    .dataframe tbody tr th:only-of-type {\n",
       "        vertical-align: middle;\n",
       "    }\n",
       "\n",
       "    .dataframe tbody tr th {\n",
       "        vertical-align: top;\n",
       "    }\n",
       "\n",
       "    .dataframe thead th {\n",
       "        text-align: right;\n",
       "    }\n",
       "</style>\n",
       "<table border=\"1\" class=\"dataframe\">\n",
       "  <thead>\n",
       "    <tr style=\"text-align: right;\">\n",
       "      <th></th>\n",
       "      <th>beta</th>\n",
       "    </tr>\n",
       "  </thead>\n",
       "  <tbody>\n",
       "    <tr>\n",
       "      <th>apple</th>\n",
       "      <td>1.239045</td>\n",
       "    </tr>\n",
       "    <tr>\n",
       "      <th>google</th>\n",
       "      <td>1.072098</td>\n",
       "    </tr>\n",
       "    <tr>\n",
       "      <th>oil</th>\n",
       "      <td>1.067022</td>\n",
       "    </tr>\n",
       "    <tr>\n",
       "      <th>tcs</th>\n",
       "      <td>0.785702</td>\n",
       "    </tr>\n",
       "  </tbody>\n",
       "</table>\n",
       "</div>"
      ],
      "text/plain": [
       "            beta\n",
       "apple   1.239045\n",
       "google  1.072098\n",
       "oil     1.067022\n",
       "tcs     0.785702"
      ]
     },
     "execution_count": 10,
     "metadata": {},
     "output_type": "execute_result"
    }
   ],
   "source": [
    "betas = cal_beta(merged_dfs=merged_dfs, freq=\"M\")\n",
    "betas"
   ]
  },
  {
   "cell_type": "markdown",
   "metadata": {},
   "source": [
    "# Calculating Optimal Portfolio"
   ]
  },
  {
   "cell_type": "code",
   "execution_count": 11,
   "metadata": {},
   "outputs": [],
   "source": [
    "def portfolio_expected_return(weights, expected_returns):\n",
    "    \"\"\"\n",
    "    Calculate the expected return of a portfolio\n",
    "\n",
    "    Parameters\n",
    "    ----------\n",
    "    weights : list\n",
    "        Weights of the stocks in the portfolio\n",
    "    expected_returns : dict\n",
    "        Expected returns of the stocks\n",
    "\n",
    "    Returns\n",
    "    -------\n",
    "    float\n",
    "        Expected return of the portfolio\n",
    "    \"\"\"\n",
    "    # return sum([weights[i] * expected_returns[i] for i in range(len(weights))])\n",
    "    return np.dot(weights, expected_returns)\n",
    "\n",
    "def portfolio_variance(weights, cov_matrix):\n",
    "    \"\"\"\n",
    "    Calculate the variance of a portfolio\n",
    "\n",
    "    Parameters\n",
    "    ----------\n",
    "    weights : list\n",
    "        Weights of the stocks in the portfolio\n",
    "    cov_matrix : pd.DataFrame\n",
    "        Covariance matrix of the stocks\n",
    "\n",
    "    Returns\n",
    "    -------\n",
    "    float\n",
    "        Variance of the portfolio\n",
    "    \"\"\"\n",
    "    return np.dot(weights, np.dot(cov_matrix, weights))\n",
    "\n",
    "def portfolio_std(weights, cov_matrix):\n",
    "    \"\"\"\n",
    "    Calculate the standard deviation of a portfolio\n",
    "\n",
    "    Parameters\n",
    "    ----------\n",
    "    weights : list\n",
    "        Weights of the stocks in the portfolio\n",
    "    cov_matrix : pd.DataFrame\n",
    "        Covariance matrix of the stocks\n",
    "\n",
    "    Returns\n",
    "    -------\n",
    "    float\n",
    "        Standard deviation of the portfolio\n",
    "    \"\"\"\n",
    "    return np.sqrt(portfolio_variance(weights, cov_matrix))\n",
    "\n",
    "def portfolio_summary(weights, expected_returns, cov_matrix):\n",
    "    \"\"\"\n",
    "    Calculate the summary of a portfolio\n",
    "\n",
    "    Parameters\n",
    "    ----------\n",
    "    weights : list\n",
    "        Weights of the stocks in the portfolio\n",
    "    expected_returns : dict\n",
    "        Expected returns of the stocks\n",
    "    cov_matrix : pd.DataFrame\n",
    "        Covariance matrix of the stocks\n",
    "\n",
    "    Returns\n",
    "    -------\n",
    "    dict\n",
    "        Summary of the portfolio\n",
    "    \"\"\"\n",
    "    return {\n",
    "        \"Expected Portfolio Return\": portfolio_expected_return(weights, expected_returns),\n",
    "        \"Portfolio Variance\": portfolio_variance(weights, cov_matrix),\n",
    "        \"Portfolio Standard Deviation\": portfolio_std(weights, cov_matrix),\n",
    "    }"
   ]
  },
  {
   "cell_type": "code",
   "execution_count": 12,
   "metadata": {},
   "outputs": [
    {
     "data": {
      "text/plain": [
       "array([1.03657444, 0.92722399, 0.92389927, 0.73963496])"
      ]
     },
     "execution_count": 12,
     "metadata": {},
     "output_type": "execute_result"
    }
   ],
   "source": [
    "expected_return(risk_free_rate=0.225, beta=betas[\"beta\"].values, market_return=0.88)"
   ]
  },
  {
   "cell_type": "code",
   "execution_count": 13,
   "metadata": {},
   "outputs": [],
   "source": [
    "def finall_call(merged_dfs, risk_free_rate, market_return, freq=\"M\", weights=[False], summary=True):\n",
    "    \"\"\"\n",
    "    Calculate the summary of a portfolio\n",
    "\n",
    "    Parameters\n",
    "    ----------\n",
    "    merged_dfs : pd.DataFrame\n",
    "        Merged dataframe of the dataframes to calculate the beta of\n",
    "    risk_free_rate : float\n",
    "        Risk free rate\n",
    "    market_return : float\n",
    "        Expected return of the market\n",
    "    freq : str, optional\n",
    "        Frequency to calculate the beta, by default \"M\"\n",
    "\n",
    "    Returns\n",
    "    -------\n",
    "    dict\n",
    "        Summary of the portfolio\n",
    "    \"\"\"\n",
    "    betas = cal_beta(merged_dfs=merged_dfs, freq=freq)\n",
    "    cols = betas.index\n",
    "\n",
    "    #betas numpy array in the order of names in merged_dfs\n",
    "    betas = np.array(betas['beta']) \n",
    "\n",
    "    # expected_returns array in same order\n",
    "    expected_returns = expected_return(risk_free_rate, betas, market_return)\n",
    "    # print(expected_returns)\n",
    "\n",
    "    # covariance matrix in same order of merged_dfs\n",
    "    cov_mat = merged_dfs.drop(columns=['snp500']).asfreq(\"M\", method=\"ffill\").pct_change().dropna().cov().to_numpy()\n",
    "    # print(cov_mat)\n",
    "\n",
    "    # calculating the Portfolio's expected returns\n",
    "    if weights[0]:\n",
    "        pass\n",
    "    else:\n",
    "        weights = np.zeros(len(betas))\n",
    "        weights.fill(1/len(betas))\n",
    "\n",
    "    p_expected_returns = portfolio_expected_return( weights=weights, expected_returns=expected_returns)\n",
    "    # print(p_expected_returns)\n",
    "\n",
    "    # calculating the Portfolio's variance\n",
    "    p_variance = portfolio_variance(weights=weights, cov_matrix=cov_mat)\n",
    "\n",
    "    # calculating the Portfolio's standard deviation\n",
    "    p_std = portfolio_std(weights=weights, cov_matrix=cov_mat)\n",
    "\n",
    "    if summary:\n",
    "        # Printing the summary\n",
    "        print(portfolio_summary(weights=weights, expected_returns=expected_returns, cov_matrix=cov_mat))\n",
    "    else:\n",
    "        return p_expected_returns,  p_std\n",
    "    \n",
    "    "
   ]
  },
  {
   "cell_type": "code",
   "execution_count": 14,
   "metadata": {},
   "outputs": [
    {
     "name": "stdout",
     "output_type": "stream",
     "text": [
      "risk_free_rate :  0.33\n",
      "market_return :  0.6947817640848831\n"
     ]
    }
   ],
   "source": [
    "# risk free rate : treasury\n",
    "\n",
    "risk_free_rate =  0.33  #treasury[\"Close\"].asfreq(\"M\", method=\"ffill\").pct_change().dropna().mean()*100\n",
    "\n",
    "# market return : snp500\n",
    "\n",
    "market_return = merged_dfs[\"snp500\"].asfreq(\"M\", method=\"ffill\").pct_change().dropna().mean()*100\n",
    "\n",
    "print(\"risk_free_rate : \", risk_free_rate)\n",
    "print(\"market_return : \", market_return)"
   ]
  },
  {
   "cell_type": "code",
   "execution_count": 16,
   "metadata": {},
   "outputs": [
    {
     "name": "stdout",
     "output_type": "stream",
     "text": [
      "{'Expected Portfolio Return': 0.7097256565805917, 'Portfolio Variance': 0.004365806876934963, 'Portfolio Standard Deviation': 0.06607425275351181}\n"
     ]
    }
   ],
   "source": [
    "finall_call(merged_dfs=merged_dfs, risk_free_rate=risk_free_rate, market_return=market_return, freq=\"M\")"
   ]
  },
  {
   "cell_type": "code",
   "execution_count": 18,
   "metadata": {},
   "outputs": [
    {
     "data": {
      "application/vnd.plotly.v1+json": {
       "config": {
        "plotlyServerURL": "https://plot.ly"
       },
       "data": [
        {
         "customdata": [
          [
           0.03321695404008109,
           0.28653009691051745,
           0.32952871984704624,
           0.3507242292023553
          ],
          [
           0.3280031423927258,
           0.2873278779694715,
           0.2159744991791413,
           0.1686944804586614
          ],
          [
           0.1471539873463433,
           0.2849725945298097,
           0.35113498375167446,
           0.21673843437217244
          ],
          [
           0.31450583670246707,
           0.2938069828726397,
           0.2599572115301614,
           0.13172996889473193
          ],
          [
           0.24593796990911623,
           0.23890898029744892,
           0.3199828410556656,
           0.1951702087377691
          ],
          [
           0.43304332219997993,
           0.17026161202977158,
           0.23875847471318,
           0.15793659105706845
          ],
          [
           0.35870927264360297,
           0.2325526895907304,
           0.33317905523938396,
           0.07555898252628264
          ],
          [
           0.28452482592230316,
           0.2897866494768134,
           0.36151016992239515,
           0.06417835467848822
          ],
          [
           0.22241566158978918,
           0.02545792153093848,
           0.48148140824167673,
           0.27064500863759566
          ],
          [
           0.07931456360542254,
           0.5278771551345045,
           0.18847496374266687,
           0.20433331751740605
          ],
          [
           0.22266830588303024,
           0.052428507198550675,
           0.31343921725614854,
           0.4114639696622706
          ],
          [
           0.21411247526340074,
           0.32932556542570685,
           0.17241092412118922,
           0.28415103518970314
          ],
          [
           0.17745367034515752,
           0.3261264459957244,
           0.37509395058532125,
           0.12132593307379687
          ],
          [
           0.29980322626600275,
           0.1969542982505138,
           0.20423393136534446,
           0.29900854411813893
          ],
          [
           0.3155464537413319,
           0.26250311233979523,
           0.31894358889418134,
           0.10300684502469168
          ],
          [
           0.42511070414908975,
           0.13370515032837557,
           0.3025254328728181,
           0.13865871264971655
          ],
          [
           0.4135895809540213,
           0.1908686819992704,
           0.35406932310838607,
           0.04147241393832215
          ],
          [
           0.25775270570602377,
           0.2143884501148001,
           0.3456345733372941,
           0.18222427084188206
          ],
          [
           0.18970538290893096,
           0.5844218418432463,
           0.15242989484549055,
           0.07344288040233228
          ],
          [
           0.25976386752187297,
           0.2540074762089575,
           0.2179013973325822,
           0.2683272589365873
          ],
          [
           0.2169604091637514,
           0.3466242476032301,
           0.2027500633598425,
           0.23366527987317612
          ],
          [
           0.23663928919428873,
           0.24842509540053878,
           0.2444404480525963,
           0.2704951673525763
          ],
          [
           0.29755406499636167,
           0.1970103480934299,
           0.1921159727240908,
           0.31331961418611765
          ],
          [
           0.2551525901298069,
           0.1301440915020473,
           0.42146740576441116,
           0.19323591260373457
          ],
          [
           0.13324091429870605,
           0.1836740017602245,
           0.4950752332746837,
           0.18800985066638573
          ],
          [
           0.31839302747031645,
           0.3133524254544838,
           0.07247656829250214,
           0.2957779787826976
          ],
          [
           0.3333068520636434,
           0.400119632128907,
           0.20503773934435796,
           0.06153577646309161
          ],
          [
           0.10106706127030624,
           0.23498084176148107,
           0.21101037802385011,
           0.4529417189443626
          ],
          [
           0.2698772750467498,
           0.1671062023429112,
           0.16404552067049646,
           0.3989710019398426
          ],
          [
           0.3085723290865337,
           0.2132569833705919,
           0.21549450475702192,
           0.26267618278585236
          ],
          [
           0.035266711287908835,
           0.2578328913895237,
           0.2622509295001975,
           0.44464946782237
          ],
          [
           0.4395007243731576,
           0.003941805692660947,
           0.4588747264698762,
           0.09768274346430518
          ],
          [
           0.08799074182944736,
           0.1238394905732631,
           0.5471462606561783,
           0.2410235069411111
          ],
          [
           0.32274437830707964,
           0.2132654782648431,
           0.07023221758197502,
           0.3937579258461024
          ],
          [
           0.2530858752805017,
           0.4876483924895345,
           0.06649915643772719,
           0.19276657579223666
          ],
          [
           0.08369361569223802,
           0.2758350913049013,
           0.4550997172904936,
           0.18537157571236715
          ],
          [
           0.350583189899877,
           0.17551781509827163,
           0.11907879731041153,
           0.3548201976914399
          ],
          [
           0.20520966160374657,
           0.3076493687109941,
           0.2848185601332262,
           0.20232240955203315
          ],
          [
           0.2774060460735955,
           0.07924544345413322,
           0.21612196441898696,
           0.42722654605328425
          ],
          [
           0.21049617654626374,
           0.33299973182015047,
           0.3244751196423492,
           0.13202897199123664
          ],
          [
           0.17709716340903256,
           0.28398986698388123,
           0.39985585725293127,
           0.13905711235415502
          ],
          [
           0.3115424535777569,
           0.14019778637057,
           0.1270936709557802,
           0.42116608909589287
          ],
          [
           0.4075740562185126,
           0.08496595989712522,
           0.35235934735002944,
           0.15510063653433284
          ],
          [
           0.2949859769988649,
           0.2534716228243779,
           0.23384666316647912,
           0.21769573701027792
          ],
          [
           0.29505043795502545,
           0.2989421355381998,
           0.3391923131810959,
           0.06681511332567876
          ],
          [
           0.6317597228415003,
           0.2361604730586224,
           0.11911615839170336,
           0.012963645708173968
          ],
          [
           0.3512120514272922,
           0.3048855461856857,
           0.14309746029534698,
           0.20080494209167507
          ],
          [
           0.36098256483533464,
           0.40459509092753676,
           0.08930598288444916,
           0.14511636135267936
          ],
          [
           0.10270784948420862,
           0.3678159220469814,
           0.07029100173508544,
           0.45918522673372464
          ],
          [
           0.21729710011576014,
           0.19779063106307454,
           0.23753432264243213,
           0.3473779461787332
          ],
          [
           0.007851511810502823,
           0.3594572304286287,
           0.44508140604128227,
           0.18760985171958616
          ],
          [
           0.1628024621635566,
           0.2727799738077135,
           0.20871118642305586,
           0.35570637760567403
          ],
          [
           0.07714183074115602,
           0.15375570118276619,
           0.3206210929356364,
           0.44848137514044134
          ],
          [
           0.40932055450298865,
           0.01420840372054064,
           0.24521993447460322,
           0.3312511073018675
          ],
          [
           0.3522252397475261,
           0.005554907483946116,
           0.34443296714552574,
           0.297786885623002
          ],
          [
           0.15514116044162418,
           0.36213836319769277,
           0.4431793056393445,
           0.039541170721338725
          ],
          [
           0.3807966053308796,
           0.3328328857945391,
           0.27248482713899963,
           0.013885681735581577
          ],
          [
           0.31250812513916676,
           0.1401880918662429,
           0.12302216111382733,
           0.42428162188076296
          ],
          [
           0.30027223324066954,
           0.08484350740104693,
           0.28751132472468965,
           0.3273729346335939
          ],
          [
           0.21998990432301632,
           0.19165760389857633,
           0.5583985311640284,
           0.029953960614379122
          ],
          [
           0.3248289658311491,
           0.2789221220052383,
           0.39428771658131195,
           0.0019611955823005426
          ],
          [
           0.11150571693983795,
           0.275131055313259,
           0.37942424841182054,
           0.23393897933508248
          ],
          [
           0.13185440141797794,
           0.5332073898162197,
           0.23592890060866475,
           0.0990093081571375
          ],
          [
           0.26416707473774714,
           0.19659539201236487,
           0.2768439792718225,
           0.26239355397806546
          ],
          [
           0.27862365979777703,
           0.2566122202655335,
           0.2107050226032623,
           0.2540590973334272
          ],
          [
           0.3382457007746708,
           0.2784865689494115,
           0.08225499840984277,
           0.3010127318660749
          ],
          [
           0.04230471629240076,
           0.2138310601951104,
           0.34051242251813013,
           0.4033518009943588
          ],
          [
           0.4405702110896942,
           0.4908725490735056,
           0.054698160155820894,
           0.013859079680979455
          ],
          [
           0.35266724609078465,
           0.27334053707663286,
           0.2446324437989811,
           0.1293597730336014
          ],
          [
           0.31092149043944384,
           0.2512686191100485,
           0.272266736948652,
           0.1655431535018557
          ],
          [
           0.002843700267764268,
           0.2458718021156036,
           0.41894912890196123,
           0.3323353687146709
          ],
          [
           0.1348250526996156,
           0.36066079240041454,
           0.3218235609813179,
           0.18269059391865192
          ],
          [
           0.08511083663370027,
           0.4019870300267186,
           0.449410325322061,
           0.06349180801752026
          ],
          [
           0.3651512468220896,
           0.1697274436614028,
           0.3732854802607861,
           0.09183582925572138
          ],
          [
           0.4134232105962585,
           0.06358956973052547,
           0.4636027569410593,
           0.05938446273215676
          ],
          [
           0.14336451735533945,
           0.2155400953210821,
           0.3422844302398043,
           0.29881095708377414
          ],
          [
           0.30107274507318355,
           0.09549376720874615,
           0.3786692038777006,
           0.22476428384036964
          ],
          [
           0.13341822490462926,
           0.2094264232944141,
           0.24125845942372326,
           0.41589689237723343
          ],
          [
           0.10036348622415736,
           0.5987382069281233,
           0.20538144121816027,
           0.09551686562955905
          ],
          [
           0.26288540889186734,
           0.21090130794482326,
           0.3402115243970761,
           0.18600175876623354
          ],
          [
           0.13984773483700222,
           0.35690196142807334,
           0.21426091778945067,
           0.28898938594547374
          ],
          [
           0.3224926675126372,
           0.3908940305179463,
           0.14047638271987115,
           0.14613691924954542
          ],
          [
           0.11814463430427688,
           0.21441838615000958,
           0.5176029270190631,
           0.14983405252665036
          ],
          [
           0.28219996335937486,
           0.09787437026659992,
           0.3286608114644012,
           0.29126485490962406
          ],
          [
           0.35507063020119695,
           0.22714670661581146,
           0.01933534698404282,
           0.39844731619894863
          ],
          [
           0.2146097645706566,
           0.2758388082076323,
           0.446521126162621,
           0.06303030105909008
          ],
          [
           0.33607880027536896,
           0.04654668282412588,
           0.37925218575335723,
           0.2381223311471478
          ],
          [
           0.23230122529591876,
           0.025412650421645623,
           0.5044526626484812,
           0.23783346163395447
          ],
          [
           0.18854255061882047,
           0.265395347358972,
           0.244566271080683,
           0.30149583094152443
          ],
          [
           0.5839870931169306,
           0.12076101341533103,
           0.18981383592279433,
           0.10543805754494409
          ],
          [
           0.15999417864173468,
           0.1940668222213395,
           0.20885716433050763,
           0.4370818348064181
          ],
          [
           0.3326570665508801,
           0.31013677133417594,
           0.17268515423674544,
           0.18452100787819847
          ],
          [
           0.4172351557184782,
           0.11838515246846262,
           0.25532309086695054,
           0.2090566009461086
          ],
          [
           0.20278062965950525,
           0.24736027384425263,
           0.3516142192342819,
           0.19824487726196016
          ],
          [
           0.30746786430438616,
           0.3149859852033573,
           0.05697761714710333,
           0.3205685333451533
          ],
          [
           0.21194344054844488,
           0.28794315762911776,
           0.38869204744874,
           0.1114213543736973
          ],
          [
           0.0900312010112754,
           0.31686496794767893,
           0.39649024473369243,
           0.19661358630735323
          ],
          [
           0.3050997043090018,
           0.12499677978793212,
           0.30010068762800146,
           0.2698028282750646
          ],
          [
           0.34658007942431823,
           0.02695680757179582,
           0.25551422425052916,
           0.3709488887533568
          ],
          [
           0.32884294391132474,
           0.10108283608482646,
           0.053938048465928055,
           0.5161361715379207
          ],
          [
           0.31439707065603945,
           0.11127875562618013,
           0.189814488873976,
           0.38450968484380454
          ],
          [
           0.07063268036327938,
           0.26417111154417633,
           0.27509637564181655,
           0.3900998324507277
          ],
          [
           0.15937260306781198,
           0.2529987268758818,
           0.3404589394090666,
           0.2471697306472397
          ],
          [
           0.23280250118332013,
           0.3229384142320312,
           0.15788664920672504,
           0.28637243537792356
          ],
          [
           0.19987093111521095,
           0.1803942082518289,
           0.548424441702062,
           0.07131041893089815
          ],
          [
           0.10259872812528557,
           0.19416611156688787,
           0.37280680676548794,
           0.33042835354233857
          ],
          [
           0.4542570982516328,
           0.32994668112683984,
           0.10613199821334811,
           0.10966422240817929
          ],
          [
           0.18564985397608547,
           0.2833687720665334,
           0.2995744164082142,
           0.23140695754916696
          ],
          [
           0.1481489603864094,
           0.04903587382013971,
           0.5505994402346382,
           0.2522157255588126
          ],
          [
           0.18333569463116692,
           0.055672408395026754,
           0.45187274514410836,
           0.3091191518296979
          ],
          [
           0.022323712957745323,
           0.3413891324083561,
           0.14406499006876614,
           0.4922221645651324
          ],
          [
           0.25610226589418433,
           0.2624862085899737,
           0.24497004073793782,
           0.2364414847779042
          ],
          [
           0.2374500576365536,
           0.2532821977122366,
           0.1784616430791541,
           0.3308061015720558
          ],
          [
           0.2610872213707635,
           0.5631101278302291,
           0.08227413876108018,
           0.09352851203792711
          ],
          [
           0.3436355395007963,
           0.34355024065588086,
           0.1342187448712148,
           0.17859547497210795
          ],
          [
           0.15199887264109904,
           0.3755248806513228,
           0.11231277037119647,
           0.36016347633638174
          ],
          [
           0.33336704405993617,
           0.3106018456605509,
           0.10828022821003791,
           0.2477508820694751
          ],
          [
           0.3251796367805833,
           0.2620437206761067,
           0.13285893176535568,
           0.27991771077795424
          ],
          [
           0.010711868404152345,
           0.21333250377537732,
           0.16599977522281278,
           0.6099558525976575
          ],
          [
           0.2979432207971978,
           0.38354333821646486,
           0.11263562927857622,
           0.20587781170776126
          ],
          [
           0.2907318685252429,
           0.5014571908871562,
           0.14183488582072493,
           0.06597605476687597
          ],
          [
           0.29660082894628476,
           0.6190460144385513,
           0.036748799210500616,
           0.04760435740466345
          ],
          [
           0.31905746502982085,
           0.18941039742385155,
           0.27580121853957346,
           0.21573091900675426
          ],
          [
           0.186115683052638,
           0.2939632904331535,
           0.2445316951548753,
           0.2753893313593332
          ],
          [
           0.4266637011714266,
           0.06351307503506325,
           0.292625449081328,
           0.21719777471218227
          ],
          [
           0.12990179419964482,
           0.37518113474480974,
           0.25229576751524424,
           0.24262130354030123
          ],
          [
           0.3026985745923361,
           0.09243520958124267,
           0.4783349379529409,
           0.12653127787348026
          ],
          [
           0.3704659143421102,
           0.06584073122428076,
           0.24678479406958692,
           0.3169085603640221
          ],
          [
           0.18934225298690335,
           0.18637088944276245,
           0.33714368411706624,
           0.28714317345326795
          ],
          [
           0.1272557239019284,
           0.3753308615945934,
           0.2293618259787122,
           0.2680515885247659
          ],
          [
           0.4237180270047945,
           0.2330983840929196,
           0.23824631262264645,
           0.10493727627963952
          ],
          [
           0.26239703069333753,
           0.2745986095424359,
           0.050907658613441084,
           0.41209670115078556
          ],
          [
           0.4042707719307113,
           0.21608359352971648,
           0.10003502913621241,
           0.2796106054033596
          ],
          [
           0.3042334958253743,
           0.19711669949142482,
           0.16248001060449493,
           0.336169794078706
          ],
          [
           0.4221285323079875,
           0.18950401528019367,
           0.11788315456962008,
           0.2704842978421988
          ],
          [
           0.41461202832212407,
           0.0009712004587056796,
           0.18050015345748413,
           0.4039166177616861
          ],
          [
           0.5944876222643349,
           0.07224410223824167,
           0.2854506892763663,
           0.0478175862210573
          ],
          [
           0.17628556257443034,
           0.3313900089370805,
           0.25706039810036047,
           0.2352640303881287
          ],
          [
           0.27030050555224433,
           0.061478989942452246,
           0.304936464971727,
           0.36328403953357646
          ],
          [
           0.3606749730399371,
           0.3210005244094139,
           0.11014431392611579,
           0.20818018862453314
          ],
          [
           0.09555873158364889,
           0.24509273221350697,
           0.5790267432017433,
           0.0803217930011008
          ],
          [
           0.36095759866514276,
           0.3791074645346201,
           0.04592325744634045,
           0.21401167935389678
          ],
          [
           0.33322576663474,
           0.055666114661739124,
           0.39671814710934766,
           0.21438997159417308
          ],
          [
           0.3403889213393998,
           0.3457311654065359,
           0.21956644040594775,
           0.09431347284811657
          ],
          [
           0.1919455103556832,
           0.2978864871199947,
           0.19149003839236323,
           0.31867796413195887
          ],
          [
           0.28003296401046635,
           0.27584905879648375,
           0.21928359367484984,
           0.22483438351820006
          ],
          [
           0.4927565743129224,
           0.1985236635625361,
           0.19964052139164587,
           0.1090792407328956
          ],
          [
           0.352166950627661,
           0.3326287201042253,
           0.16791265297559507,
           0.14729167629251863
          ],
          [
           0.3136867334907653,
           0.2765426970628932,
           0.169883610045508,
           0.2398869594008335
          ],
          [
           0.31593046695879284,
           0.2749025447890947,
           0.042240094038691375,
           0.36692689421342095
          ],
          [
           0.12309187113040133,
           0.13589804650669296,
           0.736308735928677,
